0 1.4119156364431
1 2.5906911350720505
2 7.589629406571825
3 3.3844023437323334
4 3.6313736784866446
5 3.864815663535191
6 3.039504367376693
7 3.079317392468571
8 1.1402569735542916
9 9.109562698218273
10 2.16341521639709
11 9.855559866959027
12 8.876086320006918
13 2.3612066516324797
14 4.571258158702632
15 6.007852823845926
16 1.9214310078975716
17 9.977417555949884
18 2.2951316900912495
19 2.8819886057977753
20 9.364088085729925
21 1.9600689993944251
22 9.753853286817403
23 1.069464188681517
24 6.359403615823173
25 6.124143695118351
26 2.422779712819732
27 1.7007661426370295
28 1.3274577246873878
29 4.444078762647967
30 5.1729926370765105
31 2.1244276128466453
32 7.851961247506095
33 7.485952723078556
34 9.099211102403588
35 1.54468144701243
36 7.213152056236289
37 2.2398695293687263
38 9.268560445859043
39 9.388787777554981
40 7.042618982540869
41 7.567104462411628
42 8.430395624037105
43 4.573241918228424
44 6.881642899340817
45 8.037707481018165
46 6.132539743602893
47 8.733594790032953
48 4.590772984602005
49 8.950816927535973
50 9.514331985723366
51 3.810027558674311
52 8.996727441714551
53 5.805409690071845
54 4.32960888595256
55 3.944343003373893
56 9.708526439353637
57 4.73568187423469
58 5.407241299078361
59 7.562966232745164
60 9.636470872949511
61 1.7971049584263268
62 7.14134344556566
63 4.0496803470196046
64 6.593673983110898
65 3.2193325924761504
66 5.009760512672168
67 6.58824537650319
68 1.5184305571806127
69 3.4824570221938154
70 7.053890029273161
71 9.077313256782752
72 4.217345089622696
73 4.370705467081976
74 4.01368975259206
75 6.451081743341492
76 7.024896240757919
77 8.881923646615544
78 9.9167199436352
79 3.4454646239897015
80 2.758674765642577
81 2.95877733883657
82 8.556296694228767
83 7.6741367661428415
84 1.0491512609486118
85 6.523684103310675
86 5.624049901606907
87 4.3368773785697226
88 5.6865362267162265
89 4.905544975405345
90 8.574200924052844
91 1.5024015825845884
92 7.1673361647227285
93 5.008472754137349
94 1.0780391375637552
95 3.9701084438760095
96 7.812132455005814
97 3.7227854017653317
98 5.705135564876828
99 5.498381756228539
100 1.9910766486391243
101 4.382176797508663
102 8.023360220324308
103 9.584537943887293
104 5.197157573991371
105 1.0904592663874175
106 4.297798466315651
107 2.1506387503228845
108 2.5760740972230622
109 2.4505358871579834
110 8.500050065861192
111 6.409873720968465
112 3.8953065602369144
113 7.2976442600189815
114 1.9272973478055058
115 4.089829222546605
116 2.119318478667645
117 5.87568862628268
118 5.868085751862694
119 5.945862813123855
120 2.6667040847356973
121 9.7270431612069
122 5.293320798666827
123 9.504669310900985
124 9.930406103304863
125 3.7876359262637367
126 3.2921540003176997
127 1.0649099442556065
128 9.284110751382753
129 9.620101717870115
130 3.7472582928434273
131 5.284621423723564
132 6.5250312091130365
133 2.2810652307059094
134 2.005760738523917
135 3.814769312046196
136 9.418752692449033
137 3.1463385241530206
138 6.758004913723113
139 1.5932618422274354
140 5.157728688950658
141 7.4801259879629445
142 1.370727637098911
143 2.093930728659337
144 6.883297391612044
145 1.9385966983257619
146 7.837600276459817
147 4.383029906353404
148 3.026572290548379
149 7.865538883906393
150 1.804537641864494
151 3.2697191991580556
152 5.973057104562219
153 3.1452066622439636
154 5.247829183602307
155 1.0461737654722056
156 1.1813748128243382
157 8.40492510445101
158 9.552592932422078
159 1.739854803159301
160 4.106876672301089
161 5.4302721162391645
162 5.277645988423435
163 5.035311966294557
164 9.575702894487721
165 8.699384855367772
166 3.103484649286794
167 5.293193360674884
168 2.4795849158933274
169 7.757605742572171
170 8.679780412546544
171 9.393241191955537
172 5.40889741058863
173 9.344795149336491
174 2.113896304165134
175 2.9332802965052847
176 7.105457509791111
177 2.6558106677473834
178 7.048699136834034
179 3.086730787709662
180 4.952984403383289
181 2.142675037216268
182 9.32981858725133
183 7.169478077747061
184 9.082507316590279
185 8.409755643617363
186 1.9721808473688083
187 3.223660811851694
188 9.351853916250079
189 5.585288361026444
190 4.4284888372935685
191 4.532312137193671
192 9.039072769318787
193 1.0763508874185082
194 4.838375812093586
195 6.671310521731774
196 2.658059288351072
197 8.175217284875213
198 8.306187923520872
199 2.8812602967704466
200 8.578711997198631
201 7.741803498569011
202 4.392253892213662
203 4.717691302559388
204 2.3588872725526744
205 2.3838222374118776
206 5.17522104129724
207 2.5183838935099208
208 4.391946581126687
209 3.05742380862962
210 7.169565416755809
211 7.9269962214386975
212 6.921822643448031
213 6.529735325151794
214 1.3233551996154462
215 6.150284230998672
216 6.14563618230081
217 4.840749103752878
218 1.980795133120709
219 1.8106684238542372
220 2.052442258551354
221 3.4557181656690337
222 6.7095975673036765
223 1.0252189458129597
224 9.03749498961159
225 8.973781577168793
226 1.0961346905757892
227 5.816390017417716
228 4.067950223513017
229 8.42488013372118
230 4.71889160258915
231 9.830638486426334
232 2.9745094682743862
233 6.3138367015037105
234 4.929714812332815
235 2.408376112351571
236 1.533738616544779
237 9.63381797700828
238 7.225439639214006
239 5.353198817121956
240 5.527366687196469
241 7.77655875247182
242 4.733207630512167
243 1.9317339038630956
244 1.0362996730848901
245 8.31053588992076
246 4.3704078478068125
247 3.9153688560788775
248 5.495518758081367
249 2.641811248414968
250 5.968075443102803
251 7.8130102520704785
252 2.124108684955183
253 6.261938563609009
254 7.40213201711157
255 3.9751687051102973
256 4.919146811370354
257 7.359182779677759
258 7.627693361392394
259 2.568118820119758
260 2.3658456578264535
261 5.801707209222748
262 7.554536150543907
263 5.385979096161249
264 2.5338991195139
265 9.754325774838287
266 5.057732311731301
267 1.6256229860604159
268 1.1394698844941795
269 8.529557576806585
270 5.347113247477536
271 3.5785298418468563
272 8.220162880637107
273 9.613271472180573
274 3.6540462689587834
275 9.454047023900262
276 5.3835148457234
277 8.461527295969788
278 4.187951578433045
279 3.0201154484282893
280 4.340005408712624
281 7.067100419372881
282 8.914822138958625
283 6.044737625664128
284 7.504559907790855
285 1.8519961422055402
286 9.660227865584798
287 2.425817637822275
288 8.261816153133875
289 8.226781217460502
290 7.839626935282947
291 4.59805715939234
292 5.472224528753225
293 2.5762290272331163
294 2.119407198660164
295 8.326204150742985
296 4.572665418706693
297 2.9302792703323646
298 2.047989931055712
299 6.826475909111571
300 3.12040269141917
301 7.6023747759108105
302 6.979098258528977
303 4.190266111989623
304 6.3860819601266625
305 3.4024398277681245
306 7.3648917210810465
307 9.979734111344394
308 8.40667911867309
309 9.690219576496045
310 7.967394454129218
311 2.8430649230545297
312 9.0544909073579
313 6.543291980767121
314 9.951083120942924
315 5.714832384674669
316 2.9912619262663442
317 2.9623363414843764
318 4.635459711477628
319 8.52465613913445
320 3.316044683062379
321 2.4467747360994485
322 4.521904423057059
323 4.361631512602135
324 4.755289678510291
325 3.083581972433615
326 4.227178061551403
327 6.840904558727058
328 1.654901455950462
329 3.5520905245345245
330 3.4995642395385564
331 2.011873010774413
332 3.3966591224319873
333 8.432380028633084
334 3.3651841032128726
335 2.4542501847093323
336 4.131470708918993
337 8.940731420328218
338 9.81451412052649
339 7.941243334932707
340 4.326478209296169
341 3.738114802608596
342 8.979863223552206
343 6.399586523115749
344 3.8702007820279887
345 4.845803660529404
346 2.905310339884343
347 7.750933522497697
348 8.398638344691282
349 5.359753660365309
350 9.586706849950058
351 5.743142338619281
352 5.039585035573424
353 8.049609343545782
354 9.143418719728214
355 2.7899807802989383
356 5.933362534304344
357 6.496575844427407
358 5.8878998419490465
359 5.378919792909628
